0.000000, 1.000000
0.600000, 0.996008
1.200000, 0.992032
1.800000, 0.988072
2.400000, 0.984127
3.000000, 0.980199
3.600000, 0.976286
4.200000, 0.972388
4.800000, 0.968507
5.400000, 0.964640
6.000000, 0.960789
6.600000, 0.956954
7.200000, 0.953134
7.800000, 0.949329
8.400000, 0.945539
9.000000, 0.941765
9.600000, 0.938005
10.200000, 0.934260
10.800000, 0.930531
11.400000, 0.926816
12.000000, 0.923116
12.600000, 0.919431
13.200000, 0.915761
13.800000, 0.912105
14.400000, 0.908464
15.000000, 0.904837
15.600000, 0.901225
16.200000, 0.897628
16.800000, 0.894044
17.400000, 0.890475
18.000000, 0.886920
18.600000, 0.883380
19.200000, 0.879853
19.800000, 0.876341
20.400000, 0.872843
21.000000, 0.869358
21.600000, 0.865888
22.200000, 0.862431
22.800000, 0.858988
23.400000, 0.855559
24.000000, 0.852144
24.600000, 0.848742
25.200000, 0.845354
25.800000, 0.841979
26.400000, 0.838618
27.000000, 0.835270
27.600000, 0.831936
28.200000, 0.828615
28.800000, 0.825307
29.400000, 0.822012
30.000000, 0.818731
30.600000, 0.815462
31.200000, 0.812207
31.800000, 0.808965
32.400000, 0.805735
33.000000, 0.802519
33.600000, 0.799315
34.200000, 0.796124
34.800000, 0.792946
35.400000, 0.789781
36.000000, 0.786628
36.600000, 0.783488
37.200000, 0.780360
37.800000, 0.777245
38.400000, 0.774142
39.000000, 0.771052
39.600000, 0.767974
40.200000, 0.764908
40.800000, 0.761854
41.400000, 0.758813
42.000000, 0.755784
42.600000, 0.752767
43.200000, 0.749762
43.800000, 0.746769
44.400000, 0.743787
45.000000, 0.740818
45.600000, 0.737861
46.200000, 0.734915
46.800000, 0.731982
47.400000, 0.729059
48.000000, 0.726149
48.600000, 0.723250
49.200000, 0.720363
49.800000, 0.717487
50.400000, 0.714623
51.000000, 0.711770
51.600000, 0.708929
52.200000, 0.706099
52.800000, 0.703280
53.400000, 0.700473
54.000000, 0.697676
54.600000, 0.694891
55.200000, 0.692117
55.800000, 0.689354
56.400000, 0.686602
57.000000, 0.683861
57.600000, 0.681131
58.200000, 0.678412
58.800000, 0.675704
59.400000, 0.673007
60.000000, 0.670320
60.600000, 0.667644
61.200000, 0.664979
61.800000, 0.662324
62.400000, 0.659680
63.000000, 0.657047
63.600000, 0.654424
64.200000, 0.651811
64.800000, 0.649209
65.400000, 0.646618
66.000000, 0.644036
66.600000, 0.641465
67.200000, 0.638905
67.800000, 0.636354
68.400000, 0.633814
69.000000, 0.631284
69.600000, 0.628764
70.200000, 0.626254
70.800000, 0.623754
71.400000, 0.621263
72.000000, 0.618783
72.600000, 0.616313
73.200000, 0.613853
73.800000, 0.611402
74.400000, 0.608962
75.000000, 0.606531
75.600000, 0.604109
76.200000, 0.601698
76.800000, 0.599296
77.400000, 0.596903
78.000000, 0.594521
78.600000, 0.592147
79.200000, 0.589783
79.800000, 0.587429
80.400000, 0.585084
81.000000, 0.582748
81.600000, 0.580422
82.200000, 0.578105
82.800000, 0.575797
83.400000, 0.573498
84.000000, 0.571209
84.600000, 0.568929
85.200000, 0.566658
85.800000, 0.564396
86.400000, 0.562142
87.000000, 0.559898
87.600000, 0.557663
88.200000, 0.555437
88.800000, 0.553220
89.400000, 0.551011
90.000000, 0.548812
90.600000, 0.546621
91.200000, 0.544439
91.800000, 0.542265
92.400000, 0.540101
93.000000, 0.537944
93.600000, 0.535797
94.200000, 0.533658
94.800000, 0.531528
95.400000, 0.529406
96.000000, 0.527292
96.600000, 0.525187
97.200000, 0.523091
97.800000, 0.521003
98.400000, 0.518923
99.000000, 0.516851
99.600000, 0.514788
100.200000, 0.512733
100.800000, 0.510686
101.400000, 0.508648
102.000000, 0.506617
102.600000, 0.504595
103.200000, 0.502580
103.800000, 0.500574
104.400000, 0.498576
105.000000, 0.496585
105.600000, 0.494603
106.200000, 0.492628
106.800000, 0.490662
107.400000, 0.488703
108.000000, 0.486752
108.600000, 0.484809
109.200000, 0.482874
109.800000, 0.480946
110.400000, 0.479026
111.000000, 0.477114
111.600000, 0.475209
112.200000, 0.473312
112.800000, 0.471423
113.400000, 0.469541
114.000000, 0.467666
114.600000, 0.465799
115.200000, 0.463940
115.800000, 0.462088
116.400000, 0.460243
117.000000, 0.458406
117.600000, 0.456576
118.200000, 0.454753
118.800000, 0.452938
119.400000, 0.451130
120.000000, 0.449329
120.600000, 0.447535
121.200000, 0.445749
121.800000, 0.443969
122.400000, 0.442197
123.000000, 0.440432
123.600000, 0.438673
124.200000, 0.436922
124.800000, 0.435178
125.400000, 0.433441
126.000000, 0.431711
126.600000, 0.429987
127.200000, 0.428271
127.800000, 0.426561
128.400000, 0.424858
129.000000, 0.423162
129.600000, 0.421473
130.200000, 0.419790
130.800000, 0.418114
131.400000, 0.416445
132.000000, 0.414783
132.600000, 0.413127
133.200000, 0.411478
133.800000, 0.409835
134.400000, 0.408199
135.000000, 0.406570
135.600000, 0.404947
136.200000, 0.403330
136.800000, 0.401720
137.400000, 0.400116
138.000000, 0.398519
138.600000, 0.396928
139.200000, 0.395344
139.800000, 0.393765
140.400000, 0.392193
141.000000, 0.390628
141.600000, 0.389068
142.200000, 0.387515
142.800000, 0.385968
143.400000, 0.384428
144.000000, 0.382893
144.600000, 0.381364
145.200000, 0.379842
145.800000, 0.378326
146.400000, 0.376815
147.000000, 0.375311
147.600000, 0.373813
148.200000, 0.372321
148.800000, 0.370834
149.400000, 0.369354
150.000000, 0.367879
150.600000, 0.366411
151.200000, 0.364948
151.800000, 0.363491
152.400000, 0.362040
153.000000, 0.360595
153.600000, 0.359155
154.200000, 0.357722
154.800000, 0.356294
155.400000, 0.354871
156.000000, 0.353455
156.600000, 0.352044
157.200000, 0.350638
157.800000, 0.349239
158.400000, 0.347844
159.000000, 0.346456
159.600000, 0.345073
160.200000, 0.343695
160.800000, 0.342323
161.400000, 0.340957
162.000000, 0.339596
162.600000, 0.338240
163.200000, 0.336890
163.800000, 0.335545
164.400000, 0.334205
165.000000, 0.332871
165.600000, 0.331542
166.200000, 0.330219
166.800000, 0.328900
167.400000, 0.327588
168.000000, 0.326280
168.600000, 0.324977
169.200000, 0.323680
169.800000, 0.322388
170.400000, 0.321101
171.000000, 0.319819
171.600000, 0.318542
172.200000, 0.317271
172.800000, 0.316004
173.400000, 0.314743
174.000000, 0.313486
174.600000, 0.312235
175.200000, 0.310988
175.800000, 0.309747
176.400000, 0.308510
177.000000, 0.307279
177.600000, 0.306052
178.200000, 0.304830
178.800000, 0.303613
179.400000, 0.302401
180.000000, 0.301194
180.600000, 0.299992
181.200000, 0.298794
181.800000, 0.297601
182.400000, 0.296413
183.000000, 0.295230
183.600000, 0.294052
184.200000, 0.292878
184.800000, 0.291709
185.400000, 0.290544
186.000000, 0.289384
186.600000, 0.288229
187.200000, 0.287078
187.800000, 0.285932
188.400000, 0.284791
189.000000, 0.283654
189.600000, 0.282522
190.200000, 0.281394
190.800000, 0.280271
191.400000, 0.279152
192.000000, 0.278037
192.600000, 0.276927
193.200000, 0.275822
193.800000, 0.274721
194.400000, 0.273624
195.000000, 0.272532
195.600000, 0.271444
196.200000, 0.270360
196.800000, 0.269281
197.400000, 0.268206
198.000000, 0.267135
198.600000, 0.266069
199.200000, 0.265007
199.800000, 0.263949
200.400000, 0.262895
201.000000, 0.261846
201.600000, 0.260800
202.200000, 0.259759
202.800000, 0.258722
203.400000, 0.257689
204.000000, 0.256661
204.600000, 0.255636
205.200000, 0.254616
205.800000, 0.253599
206.400000, 0.252587
207.000000, 0.251579
207.600000, 0.250574
208.200000, 0.249574
208.800000, 0.248578
209.400000, 0.247585
210.000000, 0.246597
210.600000, 0.245613
211.200000, 0.244632
211.800000, 0.243655
212.400000, 0.242683
213.000000, 0.241714
213.600000, 0.240749
214.200000, 0.239788
214.800000, 0.238831
215.400000, 0.237877
216.000000, 0.236928
216.600000, 0.235982
217.200000, 0.235040
217.800000, 0.234102
218.400000, 0.233167
219.000000, 0.232236
219.600000, 0.231309
220.200000, 0.230386
220.800000, 0.229466
221.400000, 0.228550
222.000000, 0.227638
222.600000, 0.226729
223.200000, 0.225824
223.800000, 0.224922
224.400000, 0.224024
225.000000, 0.223130
225.600000, 0.222239
226.200000, 0.221352
226.800000, 0.220469
227.400000, 0.219588
228.000000, 0.218712
228.600000, 0.217839
229.200000, 0.216969
229.800000, 0.216103
230.400000, 0.215240
231.000000, 0.214381
231.600000, 0.213525
232.200000, 0.212673
232.800000, 0.211824
233.400000, 0.210978
234.000000, 0.210136
234.600000, 0.209297
235.200000, 0.208462
235.800000, 0.207630
236.400000, 0.206801
237.000000, 0.205975
237.600000, 0.205153
238.200000, 0.204334
238.800000, 0.203518
239.400000, 0.202706
240.000000, 0.201897
240.600000, 0.201091
241.200000, 0.200288
241.800000, 0.199488
242.400000, 0.198692
243.000000, 0.197899
243.600000, 0.197109
244.200000, 0.196322
244.800000, 0.195538
245.400000, 0.194758
246.000000, 0.193980
246.600000, 0.193206
247.200000, 0.192434
247.800000, 0.191666
248.400000, 0.190901
249.000000, 0.190139
249.600000, 0.189380
250.200000, 0.188624
250.800000, 0.187871
251.400000, 0.187121
252.000000, 0.186374
252.600000, 0.185630
253.200000, 0.184889
253.800000, 0.184151
254.400000, 0.183416
255.000000, 0.182684
255.600000, 0.181954
256.200000, 0.181228
256.800000, 0.180504
257.400000, 0.179784
258.000000, 0.179066
258.600000, 0.178351
259.200000, 0.177639
259.800000, 0.176930
260.400000, 0.176224
261.000000, 0.175520
261.600000, 0.174820
262.200000, 0.174122
262.800000, 0.173427
263.400000, 0.172734
264.000000, 0.172045
264.600000, 0.171358
265.200000, 0.170674
265.800000, 0.169993
266.400000, 0.169314
267.000000, 0.168638
267.600000, 0.167965
268.200000, 0.167294
268.800000, 0.166627
269.400000, 0.165961
270.000000, 0.165299
270.600000, 0.164639
271.200000, 0.163982
271.800000, 0.163327
272.400000, 0.162675
273.000000, 0.162026
273.600000, 0.161379
274.200000, 0.160735
274.800000, 0.160093
275.400000, 0.159454
276.000000, 0.158817
276.600000, 0.158183
277.200000, 0.157552
277.800000, 0.156923
278.400000, 0.156297
279.000000, 0.155673
279.600000, 0.155051
280.200000, 0.154432
280.800000, 0.153816
281.400000, 0.153202
282.000000, 0.152590
282.600000, 0.151981
283.200000, 0.151374
283.800000, 0.150770
284.400000, 0.150168
285.000000, 0.149569
285.600000, 0.148972
286.200000, 0.148377
286.800000, 0.147785
287.400000, 0.147195
288.000000, 0.146607
288.600000, 0.146022
289.200000, 0.145439
289.800000, 0.144858
290.400000, 0.144280
291.000000, 0.143704
291.600000, 0.143130
292.200000, 0.142559
292.800000, 0.144517
293.400000, 0.148456
294.000000, 0.152377
294.600000, 0.156280
295.200000, 0.160165
295.800000, 0.164032
296.400000, 0.167882
297.000000, 0.171714
297.600000, 0.175528
298.200000, 0.179324
298.800000, 0.183103
299.400000, 0.186865
300.000000, 0.190609
